4784 723 5156 4524 3178 4978 4152 3542 2541 3614
2582 608 3138 2132 497 3429 1256 1831 1878 279
4425 4321 4742 4740 2286 566 3781 3171 50 1465
4957 884 1573 1444 743 3065 2684 1833 2121 452
947 1393 573 2757 3321 696 1115 937 996 4378
104 4189 1236 5082 3888 4817 4989 1311 3438 5157
1909 565 2540 1180 3607 3324 2656 2134 1980 2088
4830 441 4087 2228 3436 627 2108 3663 4247 1762
1044 5190 4825 3822 1525 3062 5144 1056 3595 2957
401 1858 4513 5169 2105 441 4441 4910 3766 5176
923 3101 1436 1261 217 2184 4905 2105 4035 1595
4088 4263 4537 3678 738 4662 2992 516 4631 3088
3222 3340 215 2792 3603 4264 1883 2732 3918 4701
4917 515 285 2289 5180 4522 1953 1875 4930 1598
4855 3085 1378 1916 1333 1817 2901 1755 1240 4223
3230 445 4565 2452 2045 5193 2893 5076 778 4727
3954 5183 4080 1047 1997 1763 3479 1861 2767 5046
1641 522 2187 3420 4285 1422 4308 2419 571 3316
3524 3549 1484 2480 2579 3118 10 2229 2689 949
2340 955 840 2742 3275 1441 5050 4407 3747 2480
2067 3437 3140 3655 2359 573 582 376 2212 4810
1130 2204 4747 101 3697 874 998 2821 1274 3394
1394 1374 1231 4797 485 4824 809 2107 4882 3142
1313 3768 1844 327 498 5096 1397 3689 4616 3902
295 5066 2279 1337 5102 3885 3096 840 3498 2625
2148 3986 2146 258 4064 2706 1034 1954 4765 4973
3772 5083 1337 562 3697 5187 4670 3677 519 2298
3249 3593 51 1784 3531 1750 3938 384 3570 3861
238 722 2465 843 1094 4188 243 4048 3268 4710
1931 4607 3949 3810 1889 4862 1113 3124 375 1201
2576 503 4805 2731 2121 4986 3422 3308 4356 572
4593 1546 4948 1015 2374 3757 117 4999 546 1636
4673 3270 3407 2577 724 1359 2893 383 302 4530
4265 2587 4566 4783 89 2882 457 865 2037 1595
3615 4629 3044 5086 2725 2861 3496 1277 552 1657
3637 4537 4086 2902 3429 3603 4335 4837 3937 1019
4278 3768 770 191 2198 2704 230 1011 885 2842
553 4053 1801 2336 1589 4986 2135 3134 4797 1652
3747 219 3217 3322 3810 410 1801 4319 2065 141
1840 1920 2621 3081 283 5050 4461 4366 4125 5054
3550 4569 320 3168 3763 2593 2186 1883 2165 4498
955 2734 522 327 4708 3488 2824 66 1190 2945
1245 2221 3001 434 551 3746 2801 2841 2662 5009
1303 417 3985 3413 813 3121 2203 3865 3024 3820
1656 4369 1649 3017 581 2781 2659 336 1210 2473
3125 1015 1668 100 5078 3599 2452 1322 3884 3011
818 3200 2889 744 3341 4646 1753 3983 1984 2589
5122 4943 2576 3863 415 2581 5013 4962 255 2322
5188 2129 2868 2583 102 1008 968 2147 2226 2578
4513 1407 2911 4555 3117 4156 2617 786 890 4575
4398 2427 605 2618 4778 961 4161 394 3964 4
878 4105 4630 2555 949 1926 3871 2866 128 1507
5064 803 2254 257 2956 1675 3594 378 656 107
1533 4875 2336 942 1000 1046 2547 3624 3457 3940
4897 1927 3226 3157 3531 1216 977 159 522 1672
5084 2802 3097 2093 3575 700 1717 1899 1669 4511
4471 679 444 2205 5039 4932 4659 5104 3258 3209
2925 2209 1922 3218 4753 2326 3391 3057 4615 2904
4932 103 859 726 1909 5135 1237 3894 265 369
1238 3039 1041 9 3454 4227 3764 4236 2423 913
4034 2697 4876 3953 1081 3955 1073 1016 4551 4447
574 3003 4938 2592 1320 4180 456 1500 4524 3910
3717 2703 1364 1701 3113 1912 4203 3627 1001 3011
549 972 3898 3657 1672 2869 1241 4187 646 3252
4374 2073 3309 1984 5172 4138 879 4821 4701 2715
3535 3297 1959 229 4583 4298 1353 2847 4801 1934
3036 933 3911 7 1846 2325 2563 1697 3439 3987
3435 1167 3029 1227 2232 3152 969 527 5037 598
2623 1811 3916 4750 5110 5117 3817 3158 4749 98
3947 1208 1760 4647 3839 3958 1707 749 4741 5097
389 118 1874 672 4630 1694 3811 810 3959 2372
4572 1388 1693 2010 4848 1367 1272 2816 3871 1584
3397 896 852 944 3518 1659 3907 3612 3078 3730
4711 1775 4362 2519 1518 227 4983 4444 1800 4921
1002 3574 483 2080 925 4841 4973 2066 2542 4750
4149 900 4228 765 2774 1058 821 165 1587 953
3947 4897 171 1845 3041 4335 4250 2822 3396 1099
1085 3858 275 4234 4144 4865 2029 1959 4603 5137
1022 2084 333 537 222 2168 3406 3060 1672 4881
405 4038 4238 1376 4846 2749 4982 206 1717 3336
4277 3035 1039 3311 69 2307 215 3617 5183 4302
1324 4164 2873 1021 964 1714 4061 1953 5185 4954
1650 2373 2904 3601 3749 1363 784 1121 1951 2913
2740 3808 2442 2521 1603 4691 3831 1071 4989 1845
3637 2823 2772 294 4377 4714 3610 2122 250 4214
4561 993 4316 4063 2106 3775 2568 2326 2740 4568
2144 4814 1425 2328 1209 4449 3682 3835 3608 4078
3567 3697 3499 1755 4270 1580 4876 4154 69 1533
3788 3358 485 1585 4088 5139 1626 2956 2392 1098
3758 3030 1757 1030 85 1775 269 3485 5183 1477